--------[ 2017-03-01 00:00:00 -0500 ]

FbusRrb.Raster2.detmap =
      1    22    11    11     1  1881
      1    22    10    10     1  1881
      1    22    12    13     1  1881
FbusRrb.Raster2.zpos = -7.345  -2.214  0
FbusRrb.Raster2.freqs = 18.3  18.3
FbusRrb.Raster2.slope_peds = 1633  1643
FbusRrb.Raster2.raw2posA =-0.00318573 0.00658359 4.99637e-07 -1.96628e-06 0. 0.
FbusRrb.Raster2.raw2posB = -0.00347578 0.00241823 5.94911e-07 -1.26552e-06 0. 0.
FbusRrb.Raster2.raw2posT = -0.00372615 0.00154953 6.65365e-07 -1.24428e-06 0. 0.

--------[ 2018-01-30 12:00:00 -0500 ]
FbusRrb.Raster2.raw2posA = -0.00201354 0.00536877 4.74547e-07 -9.56701e-07 0.0 0.0
FbusRrb.Raster2.raw2posB = -0.00466202 0.00322332 6.80655e-07 -5.46174e-07 0.0 0.0
FbusRrb.Raster2.raw2posT = -0.00592427 0.00239577 7.96496e-07 -3.91705e-07 0.0 0.0
