--------[ 2018-1-23 00:00:00 -0500 ]
FbusR.cer.adc.pedestals = 440.57  383.65  350.90 487.60 553.71 552.59 559.19 485.30  232.88 470.42 
FbusR.cer.adc.gains = 1.20689  0.81405 1.06847 1.12820  1.16841  1.04030  1.11288  1.08195  1.13724  1.10191



--------[ 2017-10-01 00:00:00 -0500 ]

FbusR.cer.detmap =
    1  20  32  41   1 1881
    2  11  32  41   1 1877
FbusR.cer.npmt = 10
FbusR.cer.position = -0.08  -0.008  1.8
FbusR.cer.size = 1.22  0.302  1.37
FbusR.cer.tdc.offsets = 0  0  0  0  0  0  0  0  0  0
FbusR.cer.adc.pedestals = 438.72      382.414      349.704      486.675      553.549      552.056       557.68       484.22      232.333      469.194   
FbusR.cer.adc.gains = 1.13299     0.917253      1.03995      1.06026      1.09812     0.999157      1.05071      1.03604      1.09489      1.00217   

--------[ 2017-03-01 00:00:00 -0500 ]

FbusR.cer.detmap =
    1  20  32  41   1 1881
    2  11  32  41   1 1877
FbusR.cer.npmt = 10
FbusR.cer.position = -0.08  -0.008  1.8
FbusR.cer.size = 1.22  0.302  1.37
FbusR.cer.tdc.offsets = 0  0  0  0  0  0  0  0  0  0
FbusR.cer.adc.pedestals = 440.8  384.8  351.4  488.1  555.1  553.5  560  486.2  233.2  471.3
FbusR.cer.adc.gains = 0.926  0.919  1.139  1.002  0.95  0.997  0.989  1.014  1.05  0.983
