--------[ 2017-03-01 00:00:00 -0500 ]

FbusRrb.BPMA.detmap =
      1    22     0     3     1  1881
FbusRrb.BPMA.position = 0.0 0.0  -7.345
FbusRrb.BPMA.calib_rot = 0.01887
FbusRrb.BPMA.pedestals = 3453  3422  3527  3608
FbusRrb.BPMA.rotmatrix = -0.776076  0.728423  0.795095  0.719106
FbusRrb.BPMA.offsets = 0.00108179 0.0017538
