--------[ 2017-03-01 00:00:00 -0500 ]

Lrb.BPMB.detmap =
      3    21     7    10     1  1881
Lrb.BPMB.position = 0.0 0.0   -2.21400e+00
Lrb.BPMB.calib_rot = 0.01887
Lrb.BPMB.pedestals = 3801  3695  3601  3438
Lrb.BPMB.rotmatrix =-0.624004  0.761298 0.659681 0.708074
Lrb.BPMB.offsets = 0.000601645 -0.000985787
