
--------[ 2018-08-22 00:00:00 -0500 ]

L.cer.NPED = 15
L.cer.NSA = 15
L.cer.NSB = 2
L.cer.Win = 55
L.cer.TFlag = 0


--------[ 2018-09-27 17:25:00 -0500 ]
L.cer.adc.pedestals =   16550  16450  16510  16510  16530  16570  16490  16510  16550  16510
L.cer.adc.gains =   0.996348  0.943547  0.964576  0.892264  0.878711  0.821119  1.08443  0.916532  1.01845  1.09925



--------[ 2018-09-24 17:25:00 -0500 ]
L.cer.adc.pedestals =   16510  16430  16490  16510  16490  16530  16470  16470  16490  16470
L.cer.adc.gains =   0.975964  0.920237  0.98127  0.922669  0.855407  0.849814  1.06652  0.892598  0.93506  1.05665


--------[ 2018-08-08 17:25:00 -0500 ]
  
L.cer.detmap =
      31   5     2     11     1   250
      4    11    32    41     1   1877
L.cer.npmt = 10
L.cer.position = -0.14  -0.005  1.81
L.cer.size = 2.44  0.604  1.28
L.cer.tdc.offsets = 0  0  0  0  0  0  0  0  0  0
L.cer.adc.pedestals =  5831.76  5745.19  6366.30  3814.02  6257.37  4082.45 5622.96  3709.06  5998.15  4944.78
L.cer.adc.gains = 0.94745 0.90151 0.90986 0.89472   0.84190  0.76139 1.07075  0.89722  1.02465  1.08101
L.cer.NPED = 15
L.cer.NSA = 55
L.cer.NSB = 0
L.cer.Win = 55
L.cer.TFlag = 0

--------[ 2018-01-11 17:25:00 -0500 ]
  
L.cer.detmap =
      31   8     2     11     1  250
      4    11    32    41     1  1877
L.cer.npmt = 10
L.cer.position = -0.14  -0.005  1.81
L.cer.size = 2.44  0.604  1.28
L.cer.tdc.offsets = 0  0  0  0  0  0  0  0  0  0
L.cer.adc.pedestals =  5831.76  5745.19  6366.30  3814.02  6257.37  4082.45 5622.96  3709.06  5998.15  4944.78
L.cer.adc.gains = 0.94745 0.90151 0.90986 0.89472   0.84190  0.76139 1.07075  0.89722  1.02465  1.08101
L.cer.NPED = 15
L.cer.NSA = 55
L.cer.NSB = 0


--------[ 2017-03-01 00:00:00 -0500 ]

L.cer.detmap =
      31   8     2     11     1  250
      4    11    32    41     1  1877
L.cer.npmt = 10
L.cer.position = -0.14  -0.005  1.81
L.cer.size = 2.44  0.604  1.28
L.cer.tdc.offsets = 0  0  0  0  0  0  0  0  0  0
L.cer.adc.pedestals = 5339.08       5305.3      5833.35      3526.45      5748.42      3758.99      5151.44      3441.79      5513.06      4482.66   
L.cer.adc.gains =  0.911543     0.968746     0.957099     0.898787     0.895641     0.719946      1.06051     0.897027      1.02348      1.06743   
L.cer.NPED = 15
L.cer.NSA = 50
L.cer.NSB = 0
