--------[ 2017-03-01 00:00:00 -0500 ]

Lrb.BPMB.detmap =
      31    9     8    11     1  250
Lrb.BPMB.position = 0.0 0.0   -2.21400e+00
Lrb.BPMB.calib_rot = 0.01887
Lrb.BPMB.pedestals = 69276  67783  64835  63954
Lrb.BPMB.rotmatrix =-0.624004  0.761298 0.659681 0.708074
Lrb.BPMB.offsets = 0.000601645 -0.000985787
