--------[ 2017-03-01 00:00:00 -0500 ]

L.cer.detmap =
      31   8     2     11     1  250
      4    11    32    41     1  1877
L.cer.npmt = 10
L.cer.position = -0.14  -0.005  1.81
L.cer.size = 2.44  0.604  1.28
L.cer.tdc.offsets = 0  0  0  0  0  0  0  0  0  0
L.cer.adc.pedestals = 5339.08       5305.3      5833.35      3526.45      5748.42      3758.99      5151.44      3441.79      5513.06      4482.66   
L.cer.adc.gains =  0.911543     0.968746     0.957099     0.898787     0.895641     0.719946      1.06051     0.897027      1.02348      1.06743   
L.cer.NPED = 15
L.cer.Win = 50

--------[ 2018-01-11 17:25:00 -0500 ]
  
L.cer.detmap =
      31   8     2     11     1  250
      4    11    32    41     1  1877
L.cer.npmt = 10
L.cer.position = -0.14  -0.005  1.81
L.cer.size = 2.44  0.604  1.28
L.cer.tdc.offsets = 0  0  0  0  0  0  0  0  0  0
L.cer.adc.pedestals =  5831.76  5745.19  6366.30  3814.02  6257.37  4082.45 5622.96  3709.06  5998.15  4944.78
L.cer.adc.gains = 0.94745 0.90151 0.90986 0.89472   0.84190  0.76139 1.07075  0.89722  1.02465  1.08101
L.cer.NPED = 15
L.cer.Win = 55

--------[ 2018-08-08 17:25:00 -0500 ]
  
L.cer.detmap =
      31   5     2     11     1   250
      4    11    32    41     1   1877
L.cer.npmt = 10
L.cer.position = -0.14  -0.005  1.81
L.cer.size = 2.44  0.604  1.28
L.cer.tdc.offsets = 0  0  0  0  0  0  0  0  0  0
L.cer.adc.pedestals =  5831.76  5745.19  6366.30  3814.02  6257.37  4082.45 5622.96  3709.06  5998.15  4944.78
L.cer.adc.gains = 0.94745 0.90151 0.90986 0.89472   0.84190  0.76139 1.07075  0.89722  1.02465  1.08101
L.cer.NPED = 15
L.cer.Win = 55
