--------[ 2017-03-01 00:00:00 -0500 ]

Rrb.Raster2.detmap =
      20   16    3     3      1  250
      20   16    2     2      1  250
      1    22    12    13     1  1881
Rrb.Raster2.zpos = -7.345  -2.214  0
Rrb.Raster2.freqs = 18.3  18.3
Rrb.Raster2.slope_peds = 1633  1643
Rrb.Raster2.raw2posA =-0.00318573 0.00658359 4.99637e-07 -1.96628e-06 0. 0.
Rrb.Raster2.raw2posB = -0.00347578 0.00241823 5.94911e-07 -1.26552e-06 0. 0.
Rrb.Raster2.raw2posT = -0.00372615 0.00154953 6.65365e-07 -1.24428e-06 0. 0.

--------[ 2018-01-23 00:00:00 -0500 ]
Rrb.Raster2.raw2posA = -0.00173909 0.00410274 2.22285e-08 -4.5478e-08 0.0 0.0
Rrb.Raster2.raw2posB = -0.00381544 0.00223937 3.03043e-08 -2.61162e-08 0.0 0.0
Rrb.Raster2.raw2posT = -0.00476928 0.00148883 3.45877e-08 -1.85265e-08 0.0 0.0
