--------[ 2018-09-23 00:00:00 -0500 ]

R.cer.adc.pedestals =   16570  16470  16470  16570  16530  16450  16590  16610  16490  16570
R.cer.adc.gains =   0.76279  0.624592  0.666483  0.680086  0.674454  0.680678  0.662725  0.680712  0.70742  0.808425

--------[ 2018-01-23 00:00:00 -0500 ]
R.cer.adc.pedestals = 6837.14  6870.23  6669.08  6997.02  6437.37  6511.46  6493.09  7180.08  7072.46  5986.89
R.cer.adc.gains = 0.91407 0.74204 0.94843 0.98531 1.01616 0.96522 0.94753 0.97460 1.00309 0.98409



--------[ 2017-03-01 00:00:00 -0500 ]

R.cer.detmap =
    20  15  2   11   1  250
    2   11  32  41   1  1877
R.cer.npmt = 10
R.cer.position = -0.08  -0.008  1.8
R.cer.size = 2.44  0.604  1.37
R.cer.tdc.offsets = 0  0  0  0  0  0  0  0  0  0
R.cer.adc.pedestals = 6811.6      6905.52      6651.61       6960.4      6429.37      6497.76       6475.2      7156.41      7076.91      5964.31   
R.cer.adc.gains = 1.02486     0.817117     0.962966     0.947668     0.993513     0.951323     0.940875     0.982178     0.956818      0.96111   
R.cer.NPED = 15
R.cer.NSA = 15
R.cer.NSB = 2
R.cer.Win = 55
R.cer.TFlag = 0
