--------[ 2018-05-03 00:00:00 -0500 ]
R.s2.L.ped = 3753.54  4262.60  1776.20  4776.61  5462.55  3074.52  3550.37  2941.41  3709.47  5504.36  3740.50  3255.48  4128.54  2692.48  3830.96  3265.46
R.s2.R.ped = 4488.63  4638.93  3327.31  3018.80  3745.85  4395.85  3995.31  3522.93  2906.09  5144.96  3063.35  3535.71  2902.79  5460.19  4597.10  2753.03
R.s2.L.gain = 1.16257  1.14823  1.05432  1.07932  1.08696  0.99514  0.97829  1.08515  1.03184  1.04918  1.01170  0.99974  1.37499  1.13748  1.18719  1.04205
R.s2.R.gain = 1.16803  1.07321  1.06296  1.09512  1.08507  1.12829  1.17131  1.10286  1.08942  1.07778  1.02356  1.08751  1.12579  1.05706  1.11505  1.10563

--------[ 2018-01-11 00:00:00 -0500 ]
R.s2.L.ped = 3721.12  4253.09  1713.82   4737.17  5421.36  3057.84  3534.34  2903.05  3679.13  5485.11  3679.55  3217.23  4093.73 2642.75 3803.60 3271.24
R.s2.R.ped= 4438.05  4611.35  3315.83  2980.51  3718.66  4411.48  4010.73  3498.99  2890.12  5117.62  2993.03  3516.15  2861.65  5411.79  4585.72  2716.61
R.s2.L.gain =  1.31247 1.18627 1.06589  1.08716 1.09950 1.02275  0.99768 1.13377 1.02127 1.04015 0.98461 0.98470 1.40116 1.16840 1.17741 1.06159
R.s2.R.gain =  1.31141 1.12635 1.06295 1.05693 1.04621 1.04639  1.10860 1.05441 1.00797 1.02741  0.98160 1.04421 1.07590 1.01244 1.07844 1.06646

--------[ 2017-03-01 00:00:00 -0500 ]

R.s2.detmap =
      20   14     0    15     1  250
      20   13     0    15    17  250
      2    11    16    31     1  1877
      2    11     0    15    17  1877
R.s2.npaddles = 16
R.s2.position = -0.166  0  3.3098
R.s2.size = 2.236  0.432  0.05
R.s2.L.off =  1393.1 1527.83  1530.08  1529.16  1531.46  1528.09  1533.27  1530.13  1528.27  1524.57  1528.16  1528.05  1529.2  1526.47  1525.25  1390.5
R.s2.R.off = 1390.9 1530.88  1532.87  1531.96  1532.17  1531.76  1530.96  1530.9  1532.62  1530.46  1531.27  1529.89  1526.86  1527.51  1528.87  1387.6
R.s2.L.ped = 3626.77  4189.24  1667.68  4648.17  5371.44  2994.65  3501.7  2840.26  3584.3  5432.38  3555.35  3127.31  4040  2572.93  3714.72  3164.89
R.s2.R.ped = 4408.2  4570.08  3294.04  2921.73  3664.23  4429.59  3947.7  3459.44  2789.41  5041.11  2960.85  3474.63  2792.31  5404.68  4518.4  2669.71
R.s2.L.gain = 0.96  0.98  1.05  1.52  0.94  1.03  0.99  1.03  1.15  1.05  0.99  1.05  0.94  0.98  1.01  1.06
R.s2.R.gain = 0.95  0.99  1.12  1.01  1.31  1.14  1.34  1.07  1.16  1.1  1.19  1.07  1.13  1.06  0.98  1.09
R.s2.avgres = 1e-10
R.s2.atten = 0.7
R.s2.Cn = 1.26193e+08
R.s2.MIP = 1e+10
R.s2.tdc.res = 5e-10
R.s2.timewalk_params =
   0  0  0  0  0  0  0  0  0  0  0  0  0  0  0  0
   0  0  0  0  0  0  0  0  0  0  0  0  0  0  0  0
R.s2.retiming_offsets = 0  0  0  0  0  0  0  0  0  0  0  0  0  0  0  0
R.s2.NPED = 15
R.s2.NSA = 15
R.s2.NSB = 2
R.s2.Win = 55
R.s2.TFlag = 0
