--------[ 2017-03-01 00:00:00 -0500 ]

Lrb.BPMA.detmap =
      3    21     0     3     1  1881
Lrb.BPMA.position = 0.0 0.0  -7.34500e+00
Lrb.BPMA.calib_rot = 0.01887
Lrb.BPMA.pedestals = 3764  3501  3472  3485
Lrb.BPMA.rotmatrix = -0.750796  0.723848 0.77656  0.72107
Lrb.BPMA.offsets =  0.00143766 -6.81262e-06

