--------[ 2017-03-01 00:00:00 -0500 ]

Rurb.BPMB.detmap =
      1    22     4     7     1  1881
Rurb.BPMB.position = 0.0 0.0  -2.21400e+00
Rurb.BPMB.calib_rot = 0.01887
Rurb.BPMB.pedestals = 3787  3671  3414  3433
Rurb.BPMB.rotmatrix = -0.584147  0.693931  0.644125  0.662207
Rurb.BPMB.offsets = 0.00108179 0.0017238
